6
8
2
4
12
3
1
2
3
9
2
2
1
3
4
2
2
1
4
14
1
5
16
4
3
2
5
14
2
65
2
4
3
1
4
8
5
10
4
4
2
13
3
4
4
35
4
11
3
4
2
4
1
5
2
39
30
3
10
2
2
2
10
3
4
1
5
12
2
3
2
6
2
2
9
6
3
1
16
10
8
4
4
2
8
9
1
2
4
10
6
11
2
2
4
6
6
1
2
2
6
2
2
1
16
13
33
1
4
4
4
2
3
2
4
14
10
3
25
12
3
8
3
31
4
64
4
16
4
12
11
6
35
3
2
9
7
8
3
1
26
2
30
1
12
5
6
7
2
6
2
4
1
3
2
1
2
3
2
24
11
2
14
3
3
1
2
2
4
1
1
11
2
3
5
9
4
2
4
26
3
12
10
18
6
33
2
12
26
2
3
1
1
1
4
1
4
3
6
13
2
1
2
2
2
2
1
16
12
1
3
4
4
8
3
20
4
5
8
2
4
6
2
10
13
2
4
2
54
3
2
8
2
2
8
4
120
4
4
4
2
9
1
2
2
3
3
18
6
4
2
7
1
3
16
6
3
2
22
2
4
3
2
16
36
1
1
4
3
1
5
3
3
3
2
4
9
16
5
1
10
2
30
2
13
6
4
2
10
7
62
4
20
6
6
2
1
12
12
8
44
1
7
15
2
1
45
4
3
3
3
1
1
1
9
1
8
12
2
6
32
1
3
15
6
2
2
6
2
11
1
24
2
1
6
3
8
8
2
3
2
2
1
2
4
1
1
4
5
1
2
1
4
4
3
2
4
4
3
8
3
2
15
9
106
2
2
5
4
9
5
3
6
3
12
6
10
1
1
10
6
10
11
14
8
28
15
10
4
7
2
1
9
7
5
7
4
6
2
7
3
1
5
12
3
26
3
1
4
23
10
1
3
7
11
2
6
6
2
3
1
8
3
2
2
10
5
1
3
1
5
6
2
4
7
88
4
6
6
8
9
1
3
2
9
7
6
22
3
9
3
3
1
9
6
2
3
1
1
12
3
4
3
2
34
2
8
9
1
4
2
3
2
50
13
18
1
6
2
1
2
11
3
41
3
6
3
4
4
2
2
3
1
56
2
4
1
2
2
8
9
2
2
41
3
6
5
1
7
2
2
5
27
4
4
28
2
6
34
1
3
7
7
3
2
7
6
7
6
2
8
1
3
1
4
7
2
4
1
68
20
4
1
2
3
7
10
1
7
1
2
27
2
6
3
11
30
26
10
12
50
7
2
1
5
21
3
3
1
2
5
4
4
6
3
4
6
1
12
2
2
6
1
1
3
9
2
2
21
3
2
1
2
35
3
35
1
2
3
3
4
15
3
10
8
3
8
2
2
1
2
7
45
7
5
1
6
9
4
6
8
4
9
6
10
1
1
8
5
3
2
29
9
9
2
2
2
3
4
3
6
2
2
8
4
2
3
2
2
2
3
8
1
2
2
4
8
1
2
2
3
2
1
3
9
2
2
11
2
4
13
3
6
9
3
2
4
4
6
2
4
1
1
28
50
19
22
8
6
12
41
3
4
3
6
2
4
1
3
1
2
1
1
14
2
12
3
1
3
2
3
3
3
3
4
4
4
7
6
3
1
2
4
5
4
9
3
3
2
1
20
3
9
2
2
4
4
1
4
2
2
6
4
3
18
4
6
2
6
1
13
8
12
6
1
2
4
3
9
10
2
4
2
11
4
4
3
10
23
1
6
1
7
7
8
3
10
5
12
2
7
1
6
14
3
28
4
6
2
2
1
7
13
6
3
2
18
4
60
6
2
12
4
1
11
7
4
2
4
4
3
69
9
1
2
1
1
3
4
17
3
3
2
21
1
6
2
2
2
18
11
2
3
2
4
1
62
1
2
9
5
32
9
3
2
2
2
14
83
2
2
9
10
4
9
8
8
4
54
7
3
1
8
2
5
26
1
7
1
7
2
1
36
7
11
1
4
12
2
2
2
2
2
1
12
16
4
1
3
2
2
3
7
2
10
2
6
2
4
11
48
6
6
5
1
14
20
5
2
11
3
4
1
9
1
1
1
2
6
2
24
1
9
11
6
4
2
3
35
1
10
11
20
9
2
2
1
9
12
3
8
2
3
4
4
3
1
6
1
3
2
8
3
3
15
3
8
2
2
2
4
2
2
15
4
1
15
1
6
4
6
2
2
89
36
4
1
14
6
3
3
1
3
2
4
8
57
1
15
15
18
18
10
4
3
1
7
1
2
3
