.?.??#?????#???.??. 8,2 3
.?#??????#??#?. 2,1,1,2 14
.????.?????.?. 1,1,3,1 16
.????????????????#.?. 2,7,3,1 14
.???????.???.????.#. 2,1,2,2,1 65
.#?#??#.??.#?#?#??.?. 1,4,1,1,3,1 5
.????##.?.???.??.#?. 5,3,1,1 2
.?.????.?. 1,2,1 5
.?.??#.#?#??##??????. 1,1,13 2
.?????#.?#??#?????. 1,3,2,1,2 12
.#.?.???.?. 1,1,1 8
.?#??#?#?#??.??##.?. 9,3 2
.????#.??#.??. 3,2,1 2
.?##.#?.???#.???#???. 2,1,1,1,6 4
.???#.???#???????#???. 3,3,1,2,2 14
.?????????.?. 3,2 10
.?????.??#. 2,2 4
.??.?#???#.??.??. 1,2,1,2,1 8
.?.?????#??????.??.??. 3,1 26
.?#??#.???.?. 4,2 2
.#?#??.?.?. 4,1 2
.???????#????.??#?#. 3,2,1,1,1,1 24
.???#?#??.?.???. 4,1,1,1 14
.#??????.?. 2,3 2
.#???#????.???. 7,1 4
.???#????????.?. 4,1 26
.##?#?#????#.#???#?. 6,2,5 1
.?????#.?#??.???##. 3,1,4,1,2 4
.??#.#.?##?#???. 1,1,1,4,1 2
.#.?.???.???#??.?. 1,1,1,4,1 20
.??#.?.???#???. 2,1,6 2
.???#????#??.???. 8,1 10
.?.????.????????. 1,2 54
.???#?#??.?. 5,1 4
.???.????#.??#???. 3,4,4 3
.??#.#??????#??.??#?. 1,1,1,3,1,2 22
.?.??#.??. 1,2 2
.?#?????#?.?.?. 8,1 4
.#??#??#???.??.??. 1,2,2,2,1 10
.?.?#??#????.????. 5,1 13
.?????????#?.?. 3,2,1,1 7
.??????.?.????. 2,1,1,1 62
.??.??#????.??. 3,1 12
.??.??????????.??. 1,4,1,1,1 44
.??.??#?.?.?.##?##. 1,1,1,1,5 7
.?.????#????.?.#. 6,2,1 1
.?????????.??. 1,1,2,1 45
.?????.??????.??. 4,2,1 32
.??.?#????.?. 4,1 3
.???#.#???#??#.????. 1,1,1,5,1,1 6
.?.??#.???. 2,1,1 1
.?????#?.???.???#. 1,2,2,1 24
.#??#????.????????#?#. 2,3,1,10 1
.??#.???#?. 1,3 2
.??.????.????#?#???#. 2,8 5
.?#??????.?. 4,2 3
.?#??#?#?????.##???.?. 7,1,3,1 14
.????#??????.?. 6,1 15
.?????#??#???.?. 5,1 7
.???#???.??#.??.?. 2,4,1,1,1 5
.??#.????.###?. 1,1,1,3 7
.#???.???##.????????. 1,1,1,2,1,5 12
.?.#?????#.?#?. 1,1,2,1 3
.#.????#.???#?. 1,4,1,2 3
.??.?.????#??. 2,7 1
.???????#.??#???.??. 3,3,5,1 8
.??##???.???.?. 3,2 5
.?#?.??.??#?#. 1,2,3 1
.?????.#??#???#?#. 1,1,1,4,4 1
.?##?#.??#.#.??. 5,2,1,1 2
.??.#?????????.????#?. 1,1,3,1,1,3 88
.?###?#????.?.??. 9,1 6
.#?###??????.??#??#. 5,1,3,1,2 1
.?.?.???.???????.??. 2,4 9
.??.##?????. 2,1,1 3
.??????.?.??.#?. 4,1,1,2 9
.#?#???.?.?. 4,1 3
.?????????.????###??. 3,2,1,1,5 34
.#?.#????.??#. 2,1,2,2 2
.??????#????????.?. 1,6,2,1 50
.??#.#???????. 1,1,2,1 11
.???.?#.???.??. 1,1 8
.?#?????????##.?. 2,1,4 9
.????????.?. 1,1,1 41
.?.???.??.?#. 1,2 6
.????.???#.?. 2,1,2,1 5
.??#?????.???. 3,1,1 34
.?.??.??????.?. 1,1,2,2 6
.???????.???.?. 2,1,1 68
.??????.???. 1,2,1,2 2
.??.???.?#. 1,1,1 7
.??????#.??. 1,4 2
.?#.????.??. 2,1,1 11
.????##????.??.#. 1,3,1,1,1 26
.#???#???#?????.?. 6,1,3 2
.?#.##????.?#. 1,3,2,1 1
.?.#?#.?.???.?. 1,1,1,3 2
.??.???###???????.?. 1,8,2,1 15
.??.?#???#???.??. 1,1,1,1,2 10
.?#?#.??.?#??.?.?. 1,1,1,3,1 8
.????#?.???????.??. 3,4 8
.?.??.??.#. 1,1 5
.?????#.##????????. 4,2,2,1,1 4
.?.?.????#??.#?. 1,2,1,1,2 4
.???.????.?. 1,1,1 29
.?????.??#??. 1,1,1,3 9
.??????#.??#. 1,3,1 3
.??##.?#??#?#?#?#???. 2,2,9 3
.??.?#??.?. 2,1,1 3
.#??????.??. 2,4 1
.???##.?##???#?#?. 3,4,3 2
.?##.???#???????. 2,9 3
.#??.???.?#. 3,1,1 3
.????????.?. 2,1 22
.??#??????.?. 4,1 12
.??????####?.?.????.?. 6,2 6
.?##.?.??.?#?###?. 2,2,5 1
.??#?#??.???????.?. 4,3,1,1 14
.???#.??#???.?.?#??. 1,1,6,3 4
.??#???.??.??#????. 4,1,7 7
.????.??#.?. 2,1 4
.???#????.?. 3,1 9
.??#??.??.?. 1,2 2
.#?????????.?. 1,1,1,3 4
.??##???#???.?.??. 8,1 12
.?.?##??????.?. 1,4,1,1 11
.#?#??????.?. 3,2 4
.???#??#?#?????.?. 1,1,4,1,1 23
.#??#?????#??.???. 6,2,1 7
.?#??????????#.??. 1,1,2,3,1 13
.###???????.?#??.?. 7,1,2,1 6
.?????????????#?.?. 1,1,2,4,1 60
.???#.???.#???. 3,1,2 4
.???.?????.?.????. 1,1 69
.??.?#??????#??.??. 5,3,1 11
.???????.???. 1,1,1 62
.?.???#.???.?.???.??. 1,3,3,1,1,1 9
.???#.???#???##??#?. 2,1,2,3,1 10
.?#??#?##?.???.??. 9,1,1 7
.???#????#???####??.?. 3,1,9,1 5
.???#.#.?##????#?#?. 3,1,4,1,1 2
.??##??#????.???. 9,1 10
.???#.??#??. 1,1,4 4
.???#?.?.###???.?#?#. 5,3,2,3 1
.??.?.#?????.?. 1,1,1,2 9
.?????#.?????????. 1,3,2,5 6
.?????#????#????.?. 1,2,6,1 24
.?#???##??.?.?.?. 7,1,1 9
.??.???.?. 1,3 2
.????????.??#?##??#??. 2,1,3,1,1,6 1
.?????#.???#???#. 4,3,1 3
.????#.??#?. 2,2 2
.#??.??##.?.?. 3,3,1 2
.?????#?.??#.?. 3,2 2
.???.##??#####???.?. 2,2,5,2 2
.?????#???.???. 6,1 15
.???#?#?????????.??. 1,4,1,1,1,1 89
.?#??????????.?. 2,1,2,1,1 36
.?##???#????.??#???#. 3,1,1,1,1,5 6
.??#.#.?.???#??. 2,1,5 2
.#???#????????.??. 2,5,1,1 18
.##????#????. 2,2,1,1 4
